se game.PlaceId == 2753915549 então
    Mundo1 = verdadeiro
elseif game.PlaceId == 4442272183 então
    Mundo2 = verdadeiro
elseif game.PlaceId == 7449423635 então
    Mundo3 = verdadeirogame:GetService("Jogadores").LocalPlayer:Kick("Não dê suporte, aguarde...")
fim
function CheckQuest() 
    MyLevel = game:GetService("Players").LocalPlayer.Data.Level.Value
    if World1 then
        if MyLevel == 1 or MyLevel <= 9 then
            Mon = "Bandit"
            LevelQuest = 1
            NameQuest = "BanditQuest1"
            NameMon = "Bandit"
            CFrameQuest = CFrame.new(1059.37195, 15.4495068, 1550.4231, 0.939700544, -0, -0.341998369, 0, 1, -0, 0.341998369, 0, 0.939700544)
            CFrameMon = CFrame.new(1045.962646484375, 27.00250816345215, 1560.8203125)
        elseif MyLevel == 10 or MyLevel <= 14 then
          Mon = "Monkey"
            LevelQuest = 1
            NameQuest = "JungleQuest"
            NameMon = "Monkey"
            CFrameQuest = CFrame.new(-1598.08911, 35.5501175, 153.377838, 0, 0, 1, 0, 1, -0, -1, 0, 0)
            CFrameMon = CFrame.new(-1448.51806640625, 67.85301208496094, 11.46579647064209)
        elseif MyLevel == 15 or MyLevel <= 29 thenMon = "Gorilla"
            LevelQuest = 2
            NameQuest = "JungleQuest"
            NameMon = "Gorilla"
            CFrameQuest = CFrame.new(-1598.08911, 35.5501175, 153.377838, 0, 0, 1, 0, 1, -0, -1, 0, 0)
            CFrameMon = CFrame.new(-1129.8836669921875, 40.46354675292969, -525.4237060546875)
        elseif MyLevel == 30 or MyLevel <= 39 thenMon = "Pirate"
            LevelQuest = 1
            NameQuest = "BuggyQuest1"
            NameMon = "Pirate"
            CFrameQuest = CFrame.new(-1141.07483, 4.10001802, 3831.5498, 0.965929627, -0, -0.258804798, 0, 1, -0, 0.258804798, 0, 0.965929627)
            CFrameMon = CFrame.new(-1103.513427734375, 13.752052307128906, 3896.091064453125)
        elseif MyLevel == 40 or MyLevel <= 59 thenMon = "Brute"
            LevelQuest = 2
            NameQuest = "BuggyQuest1"
            NameMon = "Brute"
            CFrameQuest = CFrame.new(-1141.07483, 4.10001802, 3831.5498, 0.965929627, -0, -0.258804798, 0, 1, -0, 0.258804798, 0, 0.965929627)
            CFrameMon = CFrame.new(-1140.083740234375, 14.809885025024414, 4322.92138671875)
        elseif MyLevel == 60 or MyLevel <= 74 thenMon = "Desert Bandit"
            LevelQuest = 1
            NameQuest = "DesertQuest"
            NameMon = "Desert Bandit"
            CFrameQuest = CFrame.new(894.488647, 5.14000702, 4392.43359, 0.819155693, -0, -0.573571265, 0, 1, -0, 0.573571265, 0, 0.819155693)
            CFrameMon = CFrame.new(924.7998046875, 6.44867467880249, 4481.5859375)
        elseif MyLevel == 75 or MyLevel <= 89 thenMon = "Desert Officer"
            LevelQuest = 2
            NameQuest = "DesertQuest"
            NameMon = "Desert Officer"
            CFrameQuest = CFrame.new(894.488647, 5.14000702, 4392.43359, 0.819155693, -0, -0.573571265, 0, 1, -0, 0.573571265, 0, 0.819155693)
            CFrameMon = CFrame.new(1608.2822265625, 8.614224433898926, 4371.00732421875)
        elseif MyLevel == 90 or MyLevel <= 99 thenMon = "Snow Bandit"
            LevelQuest = 1
            NameQuest = "SnowQuest"
            NameMon = "Snow Bandit"
            CFrameQuest = CFrame.new(1389.74451, 88.1519318, -1298.90796, -0.342042685, 0, 0.939684391, 0, 1, 0, -0.939684391, 0, -0.342042685)
            CFrameMon = CFrame.new(1354.347900390625, 87.27277374267578, -1393.946533203125)
        elseif MyLevel == 100 or MyLevel <= 119 thenMon = "Snowman"
            LevelQuest = 2
            NameQuest = "SnowQuest"
            NameMon = "Snowman"
            CFrameQuest = CFrame.new(1389.74451, 88.1519318, -1298.90796, -0.342042685, 0, 0.939684391, 0, 1, 0, -0.939684391, 0, -0.342042685)
            CFrameMon = CFrame.new(1201.6412353515625, 144.57958984375, -1550.0670166015625)
        elseif MyLevel == 120 or MyLevel <= 149 thenMon = "Chief Petty Officer"
            LevelQuest = 1
            NameQuest = "MarineQuest2"
            NameMon = "Chief Petty Officer"
            CFrameQuest = CFrame.new(-5039.58643, 27.3500385, 4324.68018, 0, 0, -1, 0, 1, 0, 1, 0, 0)
            CFrameMon = CFrame.new(-4881.23095703125, 22.65204429626465, 4273.75244140625)
        elseif MyLevel == 150 or MyLevel <= 174 thenMon = "Sky Bandit"
            LevelQuest = 1
            NameQuest = "SkyQuest"
            NameMon = "Sky Bandit"
            CFrameQuest = CFrame.new(-4839.53027, 716.368591, -2619.44165, 0.866007268, 0, 0.500031412, 0, 1, 0, -0.500031412, 0, 0.866007268)
            CFrameMon = CFrame.new(-4953.20703125, 295.74420166015625, -2899.22900390625)
        elseif MyLevel == 175 or MyLevel <= 189 thenMon = "Dark Master"
            LevelQuest = 2
            NameQuest = "SkyQuest"
            NameMon = "Dark Master"
            CFrameQuest = CFrame.new(-4839.53027, 716.368591, -2619.44165, 0.866007268, 0, 0.500031412, 0, 1, 0, -0.500031412, 0, 0.866007268)
            CFrameMon = CFrame.new(-5259.8447265625, 391.3976745605469, -2229.035400390625)
        elseif MyLevel == 190 or MyLevel <= 209 thenMon = "Prisoner"
            LevelQuest = 1
            NameQuest = "PrisonerQuest"
            NameMon = "Prisoner"
            CFrameQuest = CFrame.new(5308.93115, 1.65517521, 475.120514, -0.0894274712, -5.00292918e-09, -0.995993316, 1.60817859e-09, 1, -5.16744869e-09, 0.995993316, -2.06384709e-09, -0.0894274712)
            CFrameMon = CFrame.new(5098.9736328125, -0.3204058110713959, 474.2373352050781)
        elseif MyLevel == 210 or MyLevel <= 249 thenMon = "Toga Warrior"
            LevelQuest = 1
            NameQuest = "ColosseumQuest"
            NameMon = "Toga Warrior"
            CFrameQuest = CFrame.new(-1580.04663, 6.35000277, -2986.47534, -0.515037298, 0, -0.857167721, 0, 1, 0, 0.857167721, 0, -0.515037298)
            CFrameMon = CFrame.new(-1820.21484375, 51.68385696411133, -2740.6650390625)
        elseif MyLevel == 275 or MyLevel <= 299 thenMon = "Dangerous Prisoner"
            LevelQuest = 2
            NameQuest = "PrisonerQuest"
            NameMon = "Dangerous Prisoner"
            CFrameQuest = CFrame.new(5308.93115, 1.65517521, 475.120514, -0.0894274712, -5.00292918e-09, -0.995993316, 1.60817859e-09, 1, -5.16744869e-09, 0.995993316, -2.06384709e-09, -0.0894274712)
            CFrameMon = CFrame.new(5654.5634765625, 15.633401870727539, 866.2991943359375)
        elseif MyLevel == 250 or MyLevel <= 274 then
        Mon = "Gladiator"
            LevelQuest = 2
            NameQuest = "ColosseumQuest"
            NameMon = "Gladiator"
            CFrameQuest = CFrame.new(-1580.04663, 6.35000277, -2986.47534, -0.515037298, 0, -0.857167721, 0, 1, 0, 0.857167721, 0, -0.515037298)
            CFrameMon = CFrame.new(-1292.838134765625, 56.380882263183594, -3339.031494140625)
        elseif MyLevel == 300 or MyLevel <= 324 thenMon = "Military Soldier"
            LevelQuest = 1
            NameQuest = "MagmaQuest"
            NameMon = "Military Soldier"
            CFrameQuest = CFrame.new(-5313.37012, 10.9500084, 8515.29395, -0.499959469, 0, 0.866048813, 0, 1, 0, -0.866048813, 0, -0.499959469)
            CFrameMon = CFrame.new(-5411.16455078125, 11.081554412841797, 8454.29296875)
        elseif MyLevel == 325 or MyLevel <= 374 thenMon = "Military Spy"
            LevelQuest = 2
            NameQuest = "MagmaQuest"
            NameMon = "Military Spy"
            CFrameQuest = CFrame.new(-5313.37012, 10.9500084, 8515.29395, -0.499959469, 0, 0.866048813, 0, 1, 0, -0.866048813, 0, -0.499959469)
            CFrameMon = CFrame.new(-5802.8681640625, 86.26241302490234, 8828.859375)
        elseif MyLevel == 375 or MyLevel <= 399 thenMon = "Fishman Warrior"
            LevelQuest = 1
            NameQuest = "FishmanQuest"
            NameMon = "Fishman Warrior"
            CFrameQuest = CFrame.new(61122.65234375, 18.497442245483, 1569.3997802734)
            CFrameMon = CFrame.new(60878.30078125, 18.482830047607422, 1543.7574462890625)
            if _G.AutoFarm and (CFrameQuest.Position - game.Players.LocalPlayer.Character.HumanoidRootPart.Position).Magnitude > 10000 then
                game:GetService("ReplicatedStorage").Remotes.CommF_:InvokeServer("requestEntrance",Vector3.new(61163.8515625, 11.6796875, 1819.7841796875))
            end
        elseif MyLevel == 400 or MyLevel <= 449 thenMon = "Fishman Commando"
            LevelQuest = 2
            NameQuest = "FishmanQuest"
            NameMon = "Fishman Commando"
            CFrameQuest = CFrame.new(61122.65234375, 18.497442245483, 1569.3997802734)
            CFrameMon = CFrame.new(61922.6328125, 18.482830047607422, 1493.934326171875)
            if _G.AutoFarm and (CFrameQuest.Position - game.Players.LocalPlayer.Character.HumanoidRootPart.Position).Magnitude > 10000 then
                game:GetService("ReplicatedStorage").Remotes.CommF_:InvokeServer("requestEntrance",Vector3.new(61163.8515625, 11.6796875, 1819.7841796875))
            end
        elseif MyLevel == 450 or MyLevel <= 474 thenMon = "God's Guard"
            LevelQuest = 1
            NameQuest = "SkyExp1Quest"
            NameMon = "God's Guard"
            CFrameQuest = CFrame.new(-4721.88867, 843.874695, -1949.96643, 0.996191859, -0, -0.0871884301, 0, 1, -0, 0.0871884301, 0, 0.996191859)
            CFrameMon = CFrame.new(-4710.04296875, 845.2769775390625, -1927.3079833984375)
            if _G.AutoFarm and (CFrameQuest.Position - game.Players.LocalPlayer.Character.HumanoidRootPart.Position).Magnitude > 10000 then
                game:GetService("ReplicatedStorage").Remotes.CommF_:InvokeServer("requestEntrance",Vector3.new(-4607.82275, 872.54248, -1667.55688))
            end
        elseif MyLevel == 475 or MyLevel <= 524 thengame:GetService("ReplicatedStorage").Remotes.CommF_:InvokeServer("requestEntrance",Vector3.new(-4607.82275, 872.54248, -1667.55688))
            end
        elseif MyLevel == 475 or MyLevel <= 524 thenMon = "Shanda"
            LevelQuest = 2
            NameQuest = "SkyExp1Quest"
            NameMon = "Shanda"
            CFrameQuest = CFrame.new(-7859.09814, 5544.19043, -381.476196, -0.422592998, 0, 0.906319618, 0, 1, 0, -0.906319618, 0, -0.422592998)
            CFrameMon = CFrame.new(-7678.48974609375, 5566.40380859375, -497.2156066894531)
            if _G.AutoFarm and (CFrameQuest.Position - game.Players.LocalPlayer.Character.HumanoidRootPart.Position).Magnitude > 10000 then
                game:GetService("ReplicatedStorage").Remotes.CommF_:InvokeServer("requestEntrance",Vector3.new(-7894.6176757813, 5547.1416015625, -380.29119873047))
            end
        elseif MyLevel == 525 or MyLevel <= 549 thenMon = "Royal Squad"
            LevelQuest = 1
            NameQuest = "SkyExp2Quest"
            NameMon = "Royal Squad"
            CFrameQuest = CFrame.new(-7906.81592, 5634.6626, -1411.99194, 0, 0, -1, 0, 1, 0, 1, 0, 0)
            CFrameMon = CFrame.new(-7624.25244140625, 5658.13330078125, -1467.354248046875)
        elseif MyLevel == 550 or MyLevel <= 624 then
            Mon = "Royal Soldier"
            LevelQuest = 2
            NameQuest = "SkyExp2Quest"
            NameMon = "Royal Soldier"
            CFrameQuest = CFrame.new(-7906.81592, 5634.6626, -1411.99194, 0, 0, -1, 0, 1, 0, 1, 0, 0)
            CFrameMon = CFrame.new(-7836.75341796875, 5645.6640625, -1790.6236572265625)
        elseif MyLevel == 625 or MyLevel <= 649 then
             Mon = "Swan Pirate"
            LevelQuest = 1
            NameQuest = "Area2Quest"
            NameMon = "Swan Pirate"
            CFrameQuest = CFrame.new(638.43811, 71.769989, 918.282898, 0.139203906, 0, 0.99026376, 0, 1, 0, -0.99026376, 0, 0.139203906)
            CFrameMon = CFrame.new(1068.664306640625, 137.61428833007812, 1322.1060791015625)
        elseif MyLevel == 800 or MyLevel <= 874 then
            Mon = "Factory Staff"
            NameQuest = "Area2Quest"
            LevelQuest = 2
            NameMon = "Factory Staff"
            CFrameQuest = CFrame.new(632.698608, 73.1055908, 918.666321, -0.0319722369, 8.96074881e-10, -0.999488771, 1.36326533e-10, 1, 8.92172336e-10, 0.999488771, -1.07732087e-10, -0.0319722369)
            CFrameMon = CFrame.new(73.07867431640625, 81.86344146728516, -27.470672607421875)
        elseif MyLevel == 875 or MyLevel <= 899 then
            Mon = "Marine Lieutenant"
            LevelQuest = 1
            NameQuest = "MarineQuest3"
            NameMon = "Marine Lieutenant"
            CFrameQuest = CFrame.new(-2440.79639, 71.7140732, -3216.06812, 0.866007268, 0, 0.500031412, 0, 1, 0, -0.500031412, 0, 0.866007268)
            CFrameMon = CFrame.new(-2821.372314453125, 75.89727783203125, -3070.089111328125)
        elseif MyLevel == 900 or MyLevel <= 949 then
            Mon = "Marine Captain"
            LevelQuest = 2
            NameQuest = "MarineQuest3"
            NameMon = "Marine Captain"
            CFrameQuest = CFrame.new(-2440.79639, 71.7140732, -3216.06812, 0.866007268, 0, 0.500031412, 0, 1, 0, -0.500031412, 0, 0.866007268)
            CFrameMon = CFrame.new(-1861.2310791015625, 80.17658233642578, -3254.697509765625)
        elseif MyLevel == 950 or MyLevel <= 974 then
            Mon = "Zombie"
            LevelQuest = 1
            NameQuest = "ZombieQuest"
            NameMon = "Zombie"
            CFrameQuest = CFrame.new(-5497.06152, 47.5923004, -795.237061, -0.29242146, 0, -0.95628953, 0, 1, 0, 0.95628953, 0, -0.29242146)
            CFrameMon = CFrame.new(-5657.77685546875, 78.96973419189453, -928.68701171875)
        elseif MyLevel == 975 or MyLevel <= 999 then
            Mon = "Vampire"
            LevelQuest = 2
            NameQuest = "ZombieQuest"
            NameMon = "Vampire"
            CFrameQuest = CFrame.new(-5497.06152, 47.5923004, -795.237061, -0.29242146, 0, -0.95628953, 0, 1, 0, 0.95628953, 0, -0.29242146)
            CFrameMon = CFrame.new(-6037.66796875, 32.18463897705078, -1340.6597900390625)
        elseif MyLevel == 1000 or MyLevel <= 1049 then
            Mon = "Snow Trooper"
            LevelQuest = 1
                    elseif MyLevel == 1425 or MyLevel <= 1449 then
            Mon = "Sea Soldier"
            LevelQuest = 1
            NameQuest = "ForgottenQuest"
            NameMon = "Sea Soldier"
            CFrameQuest = CFrame.new(-3054.44458, 235.544281, -10142.8193, 0.990270376, -0, -0.13915664, 0, 1, -0, 0.13915664, 0, 0.990270376)
            CFrameMon = CFrame.new(-3028.2236328125, 64.67451477050781, -9775.4267578125)
        elseif MyLevel >= 1450 then
            Mon = "Water Fighter"
            LevelQuest = 2
            NameQuest = "ForgottenQuest"
            NameMon = "Water Fighter"
            CFrameQuest = CFrame.new(-3054.44458, 235.544281, -10142.8193, 0.990270376, -0, -0.13915664, 0, 1, -0, 0.13915664, 0, 0.990270376)
            CFrameMon = CFrame.new(-3352.9013671875, 285.01556396484375, -10534.841796875)
        end
    elseif World3 then
        if MyLevel == 1500 or MyLevel <= 1524 then
            Mon = "Pirate Millionaire"
            LevelQuest = 1
            NameQuest = "PiratePortQuest"
            NameMon = "Pirate Millionaire"
            CFrameQuest = CFrame.new(-290.074677, 42.9034653, 5581.58984, 0.965929627, -0, -0.258804798, 0, 1, -0, 0.258804798, 0, 0.965929627)
            CFrameMon = CFrame.new(-245.9963836669922, 47.30615234375, 5584.1005859375)
        elseif MyLevel == 1525 or MyLevel <= 1574 thenCFrameQuest = CFrame.new(-9479.2168, 141.215088, 5566.09277, 0, 0, 1, 0, 1, -0, -1, 0, 0)
            CFrameMon = CFrame.new(-10144.1318359375, 138.62667846679688, 5838.0888671875)
        elseif MyLevel == 2025 or MyLevel <= 2049 then
            Mon = "Demonic Soul"
            LevelQuest = 1
            NameQuest = "HauntedQuest2"
            NameMon = "Demonic Soul"
            CFrameQuest = CFrame.new(-9516.99316, 172.017181, 6078.46533, 0, 0, -1, 0, 1, 0, 1, 0, 0) 
            CFrameMon = CFrame.new(-9505.8720703125, 172.10482788085938, 6158.9931640625)
        elseif MyLevel == 2050 or MyLevel <= 2074 then
            Mon = "Posessed Mummy"
            LevelQuest = 2
            NameQuest = "HauntedQuest2"
            NameMon = "Posessed Mummy"
            CFrameQuest = CFrame.new(-9516.99316, 172.017181, 6078.46533, 0, 0, -1, 0, 1, 0, 1, 0, 0)
            CFrameMon = CFrame.new(-9582.0224609375, 6.251527309417725, 6205.478515625)
        elseif MyLevel == 2075 or MyLevel <= 2099 then
            Mon = "Peanut Scout"
            LevelQuest = 1
            NameQuest = "NutsIslandQuest"
            NameMon = "Peanut Scout"
            CFrameQuest = CFrame.new(-2104.3908691406, 38.104167938232, -10194.21875, 0, 0, -1, 0, 1, 0, 1, 0, 0)
            CFrameMon = CFrame.new(-2143.241943359375, 47.72198486328125, -10029.9951171875)
        elseif MyLevel == 2100 or MyLevel <= 2124 then
            Mon = "Peanut President"
            LevelQuest = 2
            NameQuest = "NutsIslandQuest"
            NameMon = "Peanut President"
            CFrameQuest = CFrame.new(-2104.3908691406, 38.104167938232, -10194.21875, 0, 0, -1, 0, 1, 0, 1, 0, 0)
            CFrameMon = CFrame.new(-1859.35400390625, 38.10316848754883, -10422.4296875)
        elseif MyLevel == 2125 or MyLevel <= 2149 then
            Mon = "Ice Cream Chef"
            LevelQuest = 1
            NameQuest = "IceCreamIslandQuest"
            NameMon = "Ice Cream Chef"
            CFrameQuest = CFrame.new(-820.64825439453, 65.819526672363, -10965.795898438, 0, 0, -1, 0, 1, 0, 1, 0, 0)
            CFrameMon = CFrame.new(-872.24658203125, 65.81957244873047, -10919.95703125)
        elseif MyLevel == 2150 or MyLevel <= 2199 then
            Mon = "Ice Cream Commander"
            LevelQuest = 2
            NameQuest = "IceCreamIslandQuest"
            NameMon = "Ice Cream Commander"
            CFrameQuest = CFrame.new(-820.64825439453, 65.819526672363, -10965.795898438, 0, 0, -1, 0, 1, 0, 1, 0, 0)
            CFrameMon = CFrame.new(-558.06103515625, 112.04895782470703, -11290.7744140625)
        elseif MyLevel == 2200 or MyLevel <= 2224 then
            Mon = "Cookie Crafter"
            LevelQuest = 1
            NameQuest = "CakeQuest1"
            NameMon = "Cookie Crafter"
            CFrameQuest = CFrame.new(-2021.32007, 37.7982254, -12028.7295, 0.957576931, -8.80302053e-08, 0.288177818, 6.9301187e-08, 1, 7.51931211e-08, -0.288177818, -5.2032135e-08, 0.957576931)
            CFrameMon = CFrame.new(-2374.13671875, 37.79826354980469, -12125.30859375)
        elseif MyLevel == 2225 or MyLevel <= 2249 then
            Mon = "Cake Guard"
            LevelQuest = 2
            NameQuest = "CakeQuest1"
            NameMon = "Cake Guard"
            CFrameQuest = CFrame.new(-2021.32007, 37.7982254, -12028.7295, 0.957576931, -8.80302053e-08, 0.288177818, 6.9301187e-08, 1, 7.51931211e-08, -0.288177818, -5.2032135e-08, 0.957576931)
            CFrameMon = CFrame.new(-1598.3070068359375,                 name.Text = (v.Name ..' \n'.. round((game:GetService('Players').LocalPlayer.Character.Head.Position - v.Handle.Position).Magnitude/3) ..' Distance')
            else
                v.Handle['NameEsp'..Number].TextLabel.Text = (v.Name ..' '.. round((game:GetService('Players').LocalPlayer.Character.Head.Position - v.Handle.Position).Magnitude/3) ..' Distance')
            end
        else
            if v.Handle:FindFirstChild('NameEsp'..Number) then
                v.Handle:FindFirstChild('NameEsp'..Number):Destroy()
            end
        end 
    end
end
for i,v in pairs(game.Workspace.PineappleSpawner:GetChildren()) do
    if v:IsA("Tool") then
        if RealFruitESP then 
            if not v.Handle:FindFirstChild('NameEsp'..Number) then
            3" ..' \n'.. round((game:GetService('Players').LocalPlayer.Character.Head.Position - v.Position).Magnitude/3) ..' Distance')
                        end
                    else
                        v['NameEsp'..Number].TextLabel.Text = (v.Name ..'   \n'.. round((game:GetService('Players').LocalPlayer.Character.Head.Position - v.Position).Magnitude/3) ..' Distance')
                    end
                end
            else
                if v:FindFirstChild('NameEsp'..Number) then
                    v:FindFirstChild('NameEsp'..Number):Destroy()
                end
            end
        end
    end)
end
end
function UpdateDevilChams() 
for i,v in pairs(game.Workspace:GetChildren()) do
    pcall(function()
        if DevilFruitESP then
            if string.find(v.Name, "Fruit") then   
                if not v.Handle:FindFirstChild('NameEsp'..Number) then
                    local bill = Instance.new('BillboardGui',v.Handle)
                    bill.Name = 'NameEsp'..Number
                            end
    end)
end
end)

function isnil(thing)
return (thing == nil)
end
local function round(n)
return math.floor(tonumber(n) + 0.5)
end
Number = math.random(1, 1000000)

function UpdateIslandMirageESP() 
for i,v in pairs(game:GetService("Workspace")["_WorldOrigin"].Locations:GetChildren()) do
    pcall(function()
        if MirageIslandESP then 
            if v.Name == "Mirage Island" then
                if not v:FindFirstChild('NameEsp') then
                    local bill = Instance.new('BillboardGui',v)
                    bill.Name = 'NameEsp'
                    bill.ExtentsOffset = Vector3.new(0, 1, 0)
                    bill.Size = UDim2.new(1,200,1,30)
                    bill.Adornee = v
                    bill.AlwaysOnTop = true
                    local name = Instance.new('TextLabel',bill)
                    name.Font = "Code"
                    name.FontSize = "Size14"
                    name.TextWrapped = true
                    name.Size = UDim2.new(1,0,1,0)
                    name.TextYAlignment = 'Top'
                    name.BackgroundTransparency = 1
                    name.TextStrokeTransparency = 0.5
                    name.TextColor3 = Color3.fromRGB(80, 245, 245)
                else
                    v['NameEsp'].TextLabel.Text = (v.Name ..'   \n'.. round((game:GetService('Players').LocalPlayer.Character.Head.Position - v.Position).Magnitude/3) ..' M')
                end
            end
        else
            if v:FindFirstChild('NameEsp') then
                v:FindFirstChild('NameEsp'):Destroy()
            end
        end
    end)
end
end

function isnil(thing)
return (thing == nil)
end
local function round(n)
return math.floor(tonumber(n) + 0.5)
end
Number = math.random(1, 1000000)

function UpdateAfdESP() 
for i,v in pairs(game:GetService("Workspace").NPCs:GetChildren()) do
    pcall(function()
        if AfdESP then 
            if v.Name == "Advanced Fruit Dealer" then
                if not             end
        end)
    end
    end)

spawn(function()
game:GetService("RunService").Heartbeat:Connect(function()
    if _G.AutoVampire or AutoFarmChest or _G.AutoAdvanceDungeon or _G.AutoDoughtBoss or _G.Auto_DungeonMobAura or _G.AutoFarmChest or _G.AutoFactory or _G.AutoFarmBossHallow or _G.AutoFarmSwanGlasses or _G.AutoLongSword or _G.AutoBlackSpikeycoat or _G.AutoElectricClaw or _G.AutoFarmGunMastery or _G.AutoHolyTorch or _G.AutoLawRaid or _G.AutoFarmBoss or _G.AutoTwinHooks or _G.AutoOpenSwanDoor or _G.AutoDragon_Trident or _G.AutoSaber or _G.NOCLIP or _G.AutoFarmFruitMastery or _G.AutoFarmGunMastery or _G.TeleportIsland or _G.Auto_EvoRace or _G.AutoFarmAllMsBypassType or _G.AutoObservationv2 or _G.AutoMusketeerHat or _G.AutoEctoplasm or _G.AutoRengoku or _G.Auto_Rainbow_Haki or _G.AutoObservation or _G.AutoDarkDagger or _G.Safe_Mode or _G.MasteryFruit or _G.AutoBudySword or _G.AutoOderSword or _G.AutoBounty or _G.AutoAllBoss or _G.Auto_Bounty or _G.AutoSharkman or _G.Auto_Mastery_Fruit or _G.Auto_Mastery_Gun or _G.Auto_Dungeon or _G.Auto_Cavender or _G.Auto_Pole or _G.Auto_Kill_Ply or _G.Auto_Factory or _G.AutoSecondSea or _G.TeleportPly or _G.AutoBartilo or _G.Auto_DarkBoss or _G.GrabChest or _G.AutoFarmBounty or _G.Holy_Torch or _G.AutoFarm or _G.Clip or _G.AutoElitehunter or _G.AutoThirdSea or _G.Auto_Bone or _G.Autoheart or _G.Autodoughking or _G.AutoFarmMaterial or _G.AutoNevaSoulGuitar or _G.Auto_Dragon_Trident or _G.Autotushita or _G.d or _G.Autowaden or _G.Autogay or _G.Autopole or _G.Autosaw or _G.AutoObservationHakiV2 or _G.AutoFarmNearest or AutoFarmChest or _G.AutoCarvender or _G.AutoTwinHook or AutoMobAura or _G.Tweenfruit or _G.AutoKai or _G.TeleportNPC or _G.Leather or _G.Auto_Wing or _G.Umm or _G.Makori_gay or Radioactive or Fish or Gunpowder or Dragon_Scale or Cocoafarm or Scrap or MiniHee or _G.AutoFarmSeabaest or Auto_Cursed_Dual_Katana or _G.AutoFarmMob or _G.AutoMysticIsland or _G.AutoFarmDungeon or _G.AutoRaidPirate or _G.AutoQuestRace or _G.TweenMGear or getgenv().AutoFarm or _G.AutoPlayerHunter or _G.AutoFactory or Grab_Chest or _G.Namfon or _G.AutoSwordMastery or _G.AutoSeaBest or _G.AutoKillTial or _G.Auto_Saber or _G.Position_Spawn or _G.Farmfast or _G.AutoRace or _G.RaidPirate then
        if not game:GetService("Workspace"):FindFirstChild("LOL") then
            local LOL = Instance.new("Part")
            LOL.Name = "LOL"
            LOL.Parent = game.Workspace
            LOL.Anchored = true
            LOL.Transparency = 1
            LOL.Size = Vector3.new(30,-0.5,30)
        elseif game:GetService("Workspace"):FindFirstChild("LOL") then
            game.Workspace["LOL"].CFrame = game.Players.LocalPlayer.Character.HumanoidRootPart.CFrame * CFrame.new(0, -3.6, 0)
        end
    else
        if game:GetService("Workspace"):FindFirstChild("LOL") then
            game:GetService("Workspace"):FindFirstChild("LOL"):Destroy()
        end
    end
end)
end)

spawn(function()
    pcall# pedrinx-hubgame:GetService("ReplicatedStorage").Remotes.CommF_:InvokeServer("requestEntrance",Vector3.new(-7894.6176757813, 5547.1416015625, -380.29119873047))
            endelseif MyLevel == 525 or MyLevel <= 549 then
            Mon = "Royal Squad"
            LevelQuest = 1
            NameQuest = "SkyExp2Quest"
            NameMon = "Royal Squad"
            CFrameQuest = CFrame.new(-7906.81592, 5634.6626, -1411.99194, 0, 0, -1, 0, 1, 0, 1, 0, 0)
            CFrameMon = CFrame.new(-7624.25244140625, 5658.13330078125, -1467.354248046875)
        elseif MyLevel == 550 or MyLevel <= 624 thenMon = "Royal Squad"
            LevelQuest = 1
            NameQuest = "SkyExp2Quest"
            NameMon = "Royal Squad"
            CFrameQuest = CFrame.new(-7906.81592, 5634.6626, -1411.99194, 0, 0, -1, 0, 1, 0, 1, 0, 0)
            CFrameMon = CFrame.new(-7624.25244140625, 5658.13330078125, -1467.354248046875)
        elseif MyLevel == 550 or MyLevel <= 624 then
            Mon = "Marine Captain"
            LevelQuest = 2
            NameQuest = "MarineQuest3"
            NameMon = "Marine Captain"
            CFrameQuest = CFrame.new(-2440.79639, 71.7140732, -3216.06812, 0.866007268, 0, 0.500031412, 0, 1, 0, -0.500031412, 0, 0.866007268)
            CFrameMon = CFrame.new(-1861.2310791015625, 80.17658233642578, -3254.697509765625)
        elseif MyLevel == 950 or MyLevel <= 974 thenMon = "Zombie"
            LevelQuest = 1
            NameQuest = "ZombieQuest"
            NameMon = "Zombie"
            CFrameQuest = CFrame.new(-5497.06152, 47.5923004, -795.237061, -0.29242146, 0, -0.95628953, 0, 1, 0, 0.95628953, 0, -0.29242146)
            CFrameMon = CFrame.new(-5657.77685546875, 78.96973419189453, -928.68701171875)
        elseif MyLevel == 975 or MyLevel <= 999 then
https://github.com/Pedrinxs448/pedrinx-hub/blob/cc0ec9b0bbaf07e665a9f24e76ae2a5bd3a1f260/README.md
Mon = "Fishman Warrior"
            LevelQuest = 1
            NameQuest = "FishmanQuest"
            NameMon = "Fishman Warrior"
            CFrameQuest = CFrame.new(61122.65234375, 18.497442245483, 1569.3997802734)
            CFrameMon = CFrame.new(60878.30078125, 18.482830047607422, 1543.7574462890625)
            if _G.AutoFarm and (CFrameQuest.Position - game.Players.LocalPlayer.Character.HumanoidRootPart.Position).Magnitude > 10000 then
                game:GetService("ReplicatedStorage").Remotes.CommF_:InvokeServer("requestEntrance",Vector3.new(61163.8515625, 11.6796875, 1819.7841796875))
            end
        elseif MyLevel == 400 or MyLevel <= 449 then
